-4.17029068437
4.29663538567
-1.24971389334
5.55336842908
3.9975585565
-0.937819485771
2.77378500038
0.139467460136
-8.07660028992
-3.9139391165
1.53719386587
-5.05958648051
-3.43785763333
-6.27908751049
0.784008545052
0.624704356451
-0.595407034409
7.04997329671
3.4360265507
-0.312809948882
-5.15602349889
6.24979018845
-5.00038147555
-2.50034332799
6.72098878462
0.24811169604
-6.640421149
-0.476997024491
4.06286717021
-2.60593575952
-1.25032425422
-1.86984054322
-2.50034332799
-3.98168917372
-2.50034332799
-2.03097581445
1.56221866178
8.12542915999
-4.76783398184
2.81223773556
-3.99206530861
-0.273746852827
10.0004577707
0.624704356451
3.40489814603
-0.790722514687
-6.48416876478
6.43045700771
3.51537346456
-1.33272297246
2.49973296712
-0.0192263675898
2.85191119249
1.75753414206
-1.13252460517
-1.11299305715
-5.45876249332
1.34798199435
-3.79858091096
1.65316243229
8.12481879911
1.56282902266
-0.585641260395
-0.625314717327
-0.15655756466
3.74975204089
3.43724727245
5.62478065156
0.702830548562
0.624704356451
-5.27870603494
1.87472343023
-1.40169375143
-1.13496604868
2.50034332799
0.780956740673
-2.19272144656
1.33333333333
-3.82787823301
1.24971389334
7.5004196231
-2.10971236744
0.972610055695
-2.50034332799
1.07392996109
-0.595407034409
-2.33371480888
-2.6468299382
-0.42694743267
-2.81223773556
-1.83566033417
-1.62386511025
-1.09407186999
3.44701304646
-1.73922331579
-4.28198672465
-3.37926298924
-4.56092164492
6.24979018845
-7.50530251011
-0.809643701839
3.71129930571
-3.28953994049
5.00038147555
2.50034332799
0.0778210116732
4.06225680934
-1.50850690471
-2.29465171283
-4.53162432288
5.51796749828
3.8052948806
0.996414129854
0.686350804913
-5.00038147555
1.09407186999
3.12474250401
-2.81284809644
1.56282902266
2.32394903487
4.60975051499
-2.59739070726
-5.18715190356
-0.00213626306554
-2.96910048066
3.20286869612
0.00457770656901
4.71717402914
0.523994811933
-1.04951552605
-6.67032883192
2.1359578851
-2.18783855955
-0.302433813993
-2.50034332799
-1.46456092164
0.312809948882
-3.94506752117
5.62539101244
-0.000305180437934
-0.312809948882
-3.81811245899
-5.19569695583
-5.68581673915
-0.83161669337
11.8754863813
-5.78469520104
5.56618600748
-0.703440909438
2.50034332799
1.87472343023
-3.19493400473
4.37476157778
2.49973296712
-11.409781033
1.24971389334
6.25040054932
7.18791485466
-2.49973296712
-1.8753337911
6.68680857557
0.0271610589761
-5.00038147555
-0.624704356451
-9.15693904021
4.00122072175
-2.89158464942
3.22728313115
2.2598611429
5.31227588312
-1.44563973449
1.18806744488
1.17158770123
-5.00038147555
-0.469062333104
-1.25032425422
2.50034332799
0.663767452506
-2.08407721065
-1.25520714122
-1.44563973449
-0.0308232242313
4.32349126421
-7.25871671626
-9.36324101625
3.32066834516
-1.57320515755
-4.21850919356
1.05012588693
5.5857175555
0.624704356451
2.12924391547
4.06225680934
5.19569695583
6.52323186084
-2.50034332799
1.24971389334
0.624704356451
2.50034332799
5.31227588312
-6.53849088273
-0.15655756466
-3.4006256199
-2.97093156329
4.37537193866
-0.000305180437934
1.52071412222
0.597238117037
-0.585641260395
-0.173647669184
-5.62539101244
1.11299305715
-0.625314717327
1.28694590677
-0.739452201114
-1.95345998322
0.468451972229
-5.31227588312
8.74067292287
-5.27321278706
0.636911573968
7.34905012589
-1.56282902266
6.24979018845
-1.2405584802
-5.16884107729
-11.2938124666
-0.000305180437934
-7.83245593957
3.77355611505
1.21065079728
1.55550469215
2.96665903716
2.33676661326
-9.16670481422
1.56282902266
0.693675135424
-4.99977111467
-1.62630655375
4.85023270008
-2.38437476158
-4.67383840696
0.118715190356
1.23262378882
-3.62401770047
1.95284962234
3.12535286488
-5.27321278706
5.00038147555
1.45845731289
-2.34897383078
-10.1823453117
3.86877241169
-1.68917372396
-5.4264133669
-1.03547722591
0.624704356451
3.91699092088
-3.05088883803
-4.99977111467
5.19325551232
1.38887617304
10.0004577707
-4.6878767071
3.33653772793
5.52468146792
-3.01426718547
