4.87022201877
-3.75051499199
-3.28084229801
-7.08216983291
5.76287479973
-2.10894941634
-9.20988784619
-0.0434882124056
-4.2156099794
8.43808651865
5.80407415885
-5.62554360266
5.56603341726
2.33508812085
0.733806363012
7.00343327993
5.62554360266
-7.4126802472
-0.000457770656901
7.47127489128
2.81300068666
5.62462806134
-1.17235065232
7.49965667201
-3.63332570382
-1.50377660792
-3.50057221332
3.9702449073
0.000457770656901
6.91462577249
-3.75051499199
-9.62371252003
8.43717097734
2.08239871824
7.49965667201
3.75051499199
-0.000457770656901
4.85557335775
1.2904554818
0.46829938201
-0.793316548409
-9.86358434424
3.98397802701
-0.000457770656901
-0.243076218814
1.59716182193
-3.10597390707
-1.87548638132
-3.75051499199
3.86678873884
3.28084229801
-0.000457770656901
0.76218814374
-1.05516136416
2.52735179675
0.000457770656901
7.73495078965
-2.90089265278
-0.937056534676
-2.35431448844
-0.000457770656901
-0.46829938201
2.81300068666
7.44380865187
-3.72121766995
-3.28175783932
4.68802929732
9.02403295949
3.5591668574
9.84344243534
8.64316777295
3.96932936599
3.63332570382
-1.08354314488
7.50057221332
3.28084229801
2.76081483177
-0.720073243305
7.61776150149
7.96932936599
0.000457770656901
4.50858319982
1.64110780499
7.49965667201
-0.967269398032
-1.23918516823
-1.87457084001
-1.99176012818
-7.5390249485
0.93797207599
4.68802929732
1.25291828794
2.81300068666
3.92538338293
-8.12588693065
3.04737926299
5.62920576791
-3.75051499199
1.87457084001
0.124971389334
0.988326848249
2.37720302129
-4.92057679103
0.967269398032
1.87548638132
5.62554360266
-0.23483634699
-2.11444266423
0.919661249714
3.10505836576
2.99610894942
-11.3842984665
-0.0874341954681
-3.74959945068
-0.959029526207
2.46143282216
1.75738155184
-6.03479056992
0.703593499657
-2.90180819409
7.73495078965
-3.75051499199
7.48500801099
-0.812542915999
-3.98397802701
-0.820782787823
-1.67589837491
-1.24834058137
-1.23643854429
0.352025635157
-1.05516136416
1.86816205081
7.2075989929
-0.686198214694
10.078736553
6.79743648432
-6.56580453193
1.24559395743
7.50057221332
0.000457770656901
3.30373083085
-3.69100480659
9.14122224765
-7.96932936599
0.432593270771
2.10894941634
6.29938200961
-2.06500343328
5.50835431449
-0.937056534676
3.00251773861
-4.47470817121
7.61684596017
3.74959945068
2.1327534905
2.95216296635
-1.87457084001
-1.87457084001
4.68802929732
9.14030670634
2.81208514534
-6.8029297322
-1.87457084001
-2.57770656901
0.761272602426
5.07438773175
7.26619363699
-2.37537193866
-3.29274433509
1.87457084001
6.53284504463
-10.2920576791
3.02265964752
-1.87548638132
1.84161135271
6.09430075532
8.43808651865
1.87548638132
-1.04783703365
-1.87731746395
4.74296177615
-0.0151064316777
-0.443579766537
-4.56260013733
-4.02059967956
0.351110093843
5.50835431449
-1.87457084001
0.57907988098
-6.32867933165
3.74959945068
8.43808651865
-4.68711375601
-3.44014648661
-5.74273289082
10.0494392309
1.11924925612
3.98397802701
1.40672922866
-4.68802929732
9.42595559625
6.56305790799
4.62943465324
6.09430075532
3.75051499199
5.74273289082
-1.8141451133
-0.380407415885
3.75051499199
2.85694666972
-0.937056534676
-0.703593499657
7.49965667201
6.89082169833
-8.20553902495
7.01991302358
6.73884184024
7.50057221332
-2.40192263676
7.50057221332
-0.718242160678
5.62462806134
7.97390707256
1.87457084001
5.62554360266
7.50057221332
-0.849164568551
10.6720073243
-0.000457770656901
-3.31105516136
-0.820782787823
-2.81208514534
-2.43213550011
-2.78553444724
-4.04715037766
2.81300068666
5.62554360266
7.50057221332
-0.268711375601
-10.0631723507
9.02311741817
0.0352483405814
-1.40581368734
3.51522087434
-9.55321583886
-1.40672922866
-0.23483634699
7.50057221332
2.81208514534
3.75051499199
6.40283817807
1.87090867475
0.0581368734264
-3.85214007782
7.5124742504
3.66262302586
3.74868390936
-5.43053330282
2.81300068666
7.50057221332
5.18516823072
-4.42435339895
2.83131151293
-2.46051728084
5.74273289082
-5.08354314488
-6.8294804303
