7.67757686732
0.389868009461
0.524910353246
2.91599908446
0.584420538643
0.537117570764
2.52689402609
0.195315480278
0.975051499199
4.68680857557
1.94628824292
5.5680170901
0.872053101396
0.757610437171
4.40375371939
6.25009536889
4.68757152667
2.8068970779
0.780498970016
3.55230029755
1.82040131228
3.04493781949
1.0193026627
3.12504768444
1.07118333715
2.34149691005
3.17692835889
7.03135729
6.38361181048
3.90554665446
2.34378576333
5.27809567407
2.73441672389
6.27450980392
3.02128633555
3.12504768444
7.81261921111
6.25009536889
6.64072632944
9.37514305333
5.56191348135
1.73800259403
3.02662699321
2.51392385748
4.29617761501
0.976577401389
3.66216525521
6.25009536889
0.781261921111
1.17494468605
1.36263065537
6.25009536889
0.812542915999
0.85374227512
1.18791485466
2.880140383
0.14038300145
3.12504768444
1.97756923781
4.69367513542
1.22072175174
6.25009536889
2.73441672389
1.56176089113
0.0022888532845
1.13450827802
3.12504768444
3.12428473335
1.56176089113
3.90630960555
5.46883344778
4.17410543984
2.34302281224
7.61654077974
7.03135729
0.854505226215
4.50827801938
1.17189288167
4.68757152667
6.25009536889
6.49423971923
3.12504768444
0.463111314565
3.12504768444
0.372320134279
6.27450980392
9.86266880293
1.70901045243
0.00152590218967
1.97909514
3.41802090486
1.7578393225
0.060273136492
5.67635614557
0.194552529183
2.44144350347
3.55382619974
1.95239185168
0.311284046693
0.168612191958
1.17189288167
6.25009536889
0.774395361257
2.34302281224
7.03135729
2.96482795453
2.63599603265
4.44953078508
0.585946440833
0.781261921111
3.11436636912
4.61890592813
0.87891966125
5.3917753872
1.64034485389
2.69169146258
0.428778515297
1.35652704662
9.37514305333
0.389868009461
3.5149156939
4.67383840696
0.156404974441
4.28244449531
1.37941557946
2.92286564431
5.47188525216
4.23590447852
0.744640268559
3.12504768444
5.51842526894
1.77538719768
3.12428473335
3.12504768444
4.7852292668
6.25009536889
0.15945677882
4.23208972305
6.25009536889
4.76005188067
0.579842832074
4.63035019455
5.2735179675
0.0480659189746
0.585946440833
3.5149156939
2.75883115892
1.36034180209
3.17387655451
5.46807049668
0.780498970016
4.68833447776
2.73365377279
1.78225375753
1.5655756466
1.83031967651
7.81185626001
5.2735179675
6.25009536889
3.12428473335
3.12504768444
1.14290074006
1.79293507286
0.439459830625
7.81567101549
5.05607690547
4.30304417487
1.16121156634
3.05256733043
1.56176089113
1.36110475319
1.93102922103
6.25009536889
1.66018158236
0.688944838636
0.585183489738
5.03471427481
2.34302281224
3.3684290837
3.0273899443
2.78324559396
4.68757152667
5.05378805219
3.5149156939
4.47470817121
1.56176089113
1.56176089113
0.195315480278
3.33257038224
0.256351567864
2.34378576333
4.19928282597
0.769054703593
3.3676661326
0.341039139391
4.58915083543
0.43869687953
0.103761348898
5.2735179675
0.264744029908
0.203707942321
2.33005264363
0.0480659189746
6.25009536889
3.39284351873
3.07545586328
0.109864957656
2.14999618524
2.83131151293
4.84168764782
1.65941863127
0.194552529183
2.34302281224
1.75555046921
4.07873655299
3.90630960555
1.14671549554
0.585946440833
3.515678645
0.0976577401389
1.14671549554
6.25009536889
6.25009536889
0.292210269322
6.25009536889
0.389868009461
0.096894789044
4.39459830625
7.81567101549
4.01541161212
0.341802090486
6.23254749371
3.14030670634
2.33081559472
4.46707866026
6.4690623331
6.25009536889
0.781261921111
2.01419089036
0.781261921111
3.95513847562
0.85374227512
2.63599603265
2.73365377279
0.688944838636
0.0106813153277
0.145723659113
0.074006256199
3.85748073548
3.69878690776
6.64377813382
0.390630960555
6.25009536889
6.22339208057
5.46883344778
2.44296940566
2.07522697795
4.34882124056
3.12504768444
0.585946440833
0.0442511635004
2.24612802319
6.25009536889
1.52513923857
2.70923933776
3.13725490196
0.144197756924
